RB number = 100

MCS  Modulation  TB Size (bytes)  I_TBS
===  ==========  ===============  =====
 0   QPSK         2792   ( 349)    0
 1   QPSK         3624   ( 453)    1
 2   QPSK         4584   ( 573)    2
 3   QPSK         5736   ( 717)    3
 4   QPSK         7224   ( 903)    4
 5   QPSK         8760   (1095)    5
 6   QPSK        10296   (1287)    6
 7   QPSK        12216   (1527)    7
 8   QPSK        14112   (1764)    8
 9   QPSK        15840   (1980)    9
10   16-QAM      15840   (1980)    9
11   16-QAM      17568   (2196)   10
12   16-QAM      19848   (2481)   11
13   16-QAM      22920   (2865)   12
14   16-QAM      25456   (3182)   13
15   16-QAM      28336   (3542)   14
16   16-QAM      30576   (3822)   15
17   64-QAM      30576   (3822)   15
18   64-QAM      32856   (4107)   16
19   64-QAM      36696   (4587)   17
20   64-QAM      39232   (4904)   18
21   64-QAM      43816   (5477)   19
22   64-QAM      46888   (5861)   20
23   64-QAM      51024   (6378)   21
24   64-QAM      55056   (6882)   22
25   64-QAM      57336   (7167)   23
26   64-QAM      61664   (7708)   24
27   64-QAM      63776   (7972)   25
28   64-QAM      75376   (9422)   26

